# Wiki 配置
created_at: 2026-04-07T15:10:24.145096
last_updated: 2026-04-09T00:00:00.000000
stats:
  people_count: 0
  political_entities_count: 0
  articles_processed: 0
